>> a=[1 2 3;4 5 6;7 8 9]

a =

     1     2     3
     4     5     6
     7     8     9

>> b=[11 22 33;44 55 66;77 88 99]

b =

    11    22    33
    44    55    66
    77    88    99

>> c=[a b]

c =

     1     2     3    11    22    33
     4     5     6    44    55    66
     7     8     9    77    88    99

>> c(4,2)=44

c =

     1     2     3    11    22    33
     4     5     6    44    55    66
     7     8     9    77    88    99
     0    44     0     0     0     0

>> a=[1 2 3;4 5 6;7 8 9]

a =

     1     2     3
     4     5     6
     7     8     9

>> b=[11 22 33;44 55 66;77 88 99]

b =

    11    22    33
    44    55    66
    77    88    99

>> c=[a b]

c =

     1     2     3    11    22    33
     4     5     6    44    55    66
     7     8     9    77    88    99

>> c(2,4)=100

c =

     1     2     3    11    22    33
     4     5     6   100    55    66
     7     8     9    77    88    99

>> c(2,:)

ans =

     4     5     6   100    55    66

>> a=[1 2 3;4 5 6;7 8 9]

a =

     1     2     3
     4     5     6
     7     8     9

>> b=[11 22 33;44 55 66;77 88 99]

b =

    11    22    33
    44    55    66
    77    88    99

>> c=[a b]

c =

     1     2     3    11    22    33
     4     5     6    44    55    66
     7     8     9    77    88    99

>> c(2,4)=100

c =

     1     2     3    11    22    33
     4     5     6   100    55    66
     7     8     9    77    88    99

>> c(2,:)=[]

c =

     1     2     3    11    22    33
     7     8     9    77    88    99

>> c(3,:)=ones

c =

     1     2     3    11    22    33
     7     8     9    77    88    99
     1     1     1     1     1     1
